,rsi14,macd,macd_bullish,macd_signal,macd_hist,atr,bb_bandwidth,bb_percent,volume_ratio,obv,volume_sma20,daily_return,price_change,hl_spread_pct,oc_spread,oc_spread_pct,bb_squeeze,rsi_overbought,rsi_oversold
rsi14,1.0,0.7156480068895941,0.4884660215040027,0.6011787965537715,0.5037665652348065,-0.05795228748991873,0.061286448295267686,0.8982412926674693,-0.05143408905340001,0.27934411769960765,-0.09789003054425276,0.33003571344484023,0.2753066404203031,-0.3561863824252657,0.16981538304453014,0.22045700151575734,0.010866694711823256,0.620193737428128,-0.2257773193528206
macd,0.7156480068895941,1.0,0.2021712630973255,0.9548010142433994,0.3410054277710081,0.013640333459472685,-0.024818651721157905,0.549993475825225,-0.08010678041761203,0.3664106592639468,-0.1961734654021317,0.043222126688800294,0.05595751731562508,-0.32282327887210854,-0.0278487658060881,-0.0216942444059215,0.12959979591473086,0.46468005642396987,-0.10319496218324029
macd_bullish,0.4884660215040027,0.2021712630973255,1.0,-0.004791420776821485,0.6945767116424264,-0.0924325230857588,0.24217518850700814,0.6219502931233728,-0.04723675771895199,-0.021153424391970894,0.08857546420494603,0.11740186453795266,0.08734132334039287,-0.088575040635032,0.04969001823713445,0.09423460917498994,-0.2389285996770231,0.30456511368073724,-0.1115163146284006
macd_signal,0.6011787965537715,0.9548010142433994,-0.004791420776821485,1.0,0.046163114225767944,0.057372796985890866,-0.10772907332300462,0.38139527279049773,-0.049289751488787725,0.3933937864521887,-0.23281409181287885,0.0040283710044926565,0.010643543002043983,-0.285954444778516,-0.057468171015614515,-0.05076737812337375,0.20493841809724891,0.3925996452065471,-0.08674435050220623
macd_hist,0.5037665652348065,0.3410054277710081,0.6945767116424264,0.046163114225767944,1.0,-0.1354851369217755,0.257019047097647,0.641982884792722,-0.11328523448184094,-0.012764692910029593,0.0767770258893787,0.13250310059731268,0.1543795833922262,-0.1805388670886971,0.08815779643338435,0.08764913950635678,-0.2125953162947023,0.31999425225517636,-0.07246508963616137
atr,-0.05795228748991873,0.013640333459472685,-0.0924325230857588,0.057372796985890866,-0.1354851369217755,1.0,-0.1258705848709042,-0.09543230094311793,0.015254384720537655,0.8283996259828956,-0.7039913504998371,-0.00500333285536455,0.006105597759073453,0.006604982196577943,-0.023020541445779228,-0.031474773328925315,-0.14672641930593097,-0.05387859474899381,-0.070534376408501
bb_bandwidth,0.061286448295267686,-0.024818651721157905,0.24217518850700814,-0.10772907332300462,0.257019047097647,-0.1258705848709042,1.0,0.04894825564770467,0.08058175479301427,-0.31339092362457643,0.431060831484188,0.02531405532878513,0.016583736676446078,0.28065218049053836,0.01754626812537533,0.024322371072931042,-0.5691733501345634,0.32045054302013676,0.13835279078454774
bb_percent,0.8982412926674693,0.549993475825225,0.6219502931233728,0.38139527279049773,0.641982884792722,-0.09543230094311793,0.04894825564770467,1.0,-0.0442514941461415,0.17450204320311782,-0.05432164235313834,0.41618210154832896,0.34527732099685665,-0.32155289829520606,0.22934264559543546,0.30233180471056387,-0.011599625667264146,0.4401934775757002,-0.18854663641838554
volume_ratio,-0.05143408905340001,-0.08010678041761203,-0.04723675771895199,-0.049289751488787725,-0.11328523448184094,0.015254384720537655,0.08058175479301427,-0.0442514941461415,1.0,-0.028670907675320746,-0.023847547383347094,0.02570853564354115,-0.09826736940728843,0.5835688187442615,-0.10758713103326552,-0.03475003335023501,-0.10198816972023275,0.09844344177792365,0.14939693581501193
obv,0.27934411769960765,0.3664106592639468,-0.021153424391970894,0.3933937864521887,-0.012764692910029593,0.8283996259828956,-0.31339092362457643,0.17450204320311782,-0.028670907675320746,1.0,-0.778995408550973,0.042062540114656495,0.049369495988692544,-0.2621200677855336,-0.009525518110930395,-0.015978794007266775,0.029860674442528004,0.15547687417197387,-0.1322463640885219
volume_sma20,-0.09789003054425276,-0.1961734654021317,0.08857546420494603,-0.23281409181287885,0.0767770258893787,-0.7039913504998371,0.431060831484188,-0.05432164235313834,-0.023847547383347094,-0.778995408550973,1.0,0.0007037314787144883,-0.015197421292665164,0.2513483148967043,0.023366476585739534,0.026121843311183637,-0.06403245565483634,0.036032246490433434,0.07367920370290904
daily_return,0.33003571344484023,0.043222126688800294,0.11740186453795266,0.0040283710044926565,0.13250310059731268,-0.00500333285536455,0.02531405532878513,0.41618210154832896,0.02570853564354115,0.042062540114656495,0.0007037314787144883,1.0,0.7849664300856195,-0.10695395321081737,0.6019500536453061,0.7768013105275642,-0.034320791119346064,0.18883221161821664,-0.09759973389053507
price_change,0.2753066404203031,0.05595751731562508,0.08734132334039287,0.010643543002043983,0.1543795833922262,0.006105597759073453,0.016583736676446078,0.34527732099685665,-0.09826736940728843,0.049369495988692544,-0.015197421292665164,0.7849664300856195,1.0,-0.17975336781479664,0.7655924492381272,0.6035007216516212,-0.037683611908016695,0.16688539002746097,-0.046538875198459055
hl_spread_pct,-0.3561863824252657,-0.32282327887210854,-0.088575040635032,-0.285954444778516,-0.1805388670886971,0.006604982196577943,0.28065218049053836,-0.32155289829520606,0.5835688187442615,-0.2621200677855336,0.2513483148967043,-0.10695395321081737,-0.17975336781479664,1.0,-0.1485940725520922,-0.08360575612993586,-0.1655479900717739,-0.11071472892837689,0.136285163542325
oc_spread,0.16981538304453014,-0.0278487658060881,0.04969001823713445,-0.057468171015614515,0.08815779643338435,-0.023020541445779228,0.01754626812537533,0.22934264559543546,-0.10758713103326552,-0.009525518110930395,0.023366476585739534,0.6019500536453061,0.7655924492381272,-0.1485940725520922,1.0,0.7831123752544723,-0.003551054431162224,0.08175109950695417,-0.030535255668812728
oc_spread_pct,0.22045700151575734,-0.0216942444059215,0.09423460917498994,-0.05076737812337375,0.08764913950635678,-0.031474773328925315,0.024322371072931042,0.30233180471056387,-0.03475003335023501,-0.015978794007266775,0.026121843311183637,0.7768013105275642,0.6035007216516212,-0.08360575612993586,0.7831123752544723,1.0,-0.009746699767393618,0.1009597276667068,-0.07532966565986189
bb_squeeze,0.010866694711823256,0.12959979591473086,-0.2389285996770231,0.20493841809724891,-0.2125953162947023,-0.14672641930593097,-0.5691733501345634,-0.011599625667264146,-0.10198816972023275,0.029860674442528004,-0.06403245565483634,-0.034320791119346064,-0.037683611908016695,-0.1655479900717739,-0.003551054431162224,-0.009746699767393618,1.0,-0.16803233861246344,-0.07801160522893999
rsi_overbought,0.620193737428128,0.46468005642396987,0.30456511368073724,0.3925996452065471,0.31999425225517636,-0.05387859474899381,0.32045054302013676,0.4401934775757002,0.09844344177792365,0.15547687417197387,0.036032246490433434,0.18883221161821664,0.16688539002746097,-0.11071472892837689,0.08175109950695417,0.1009597276667068,-0.16803233861246344,1.0,-0.04059174093869796
rsi_oversold,-0.2257773193528206,-0.10319496218324029,-0.1115163146284006,-0.08674435050220623,-0.07246508963616137,-0.070534376408501,0.13835279078454774,-0.18854663641838554,0.14939693581501193,-0.1322463640885219,0.07367920370290904,-0.09759973389053507,-0.046538875198459055,0.136285163542325,-0.030535255668812728,-0.07532966565986189,-0.07801160522893999,-0.04059174093869796,1.0
